U:
[0.000,0.000,0.000,0.000,0.213,0.429,0.526,0.660,0.698,0.819,0.919,1.000,1.000,1.000,1.000]
[0.000,0.000,0.000,0.000,0.050,0.150,0.225,0.250,0.325,0.350,0.425,0.450,0.525,0.550,0.625,0.650,0.725,0.775,0.825,0.850,0.950,1.000,1.000,1.000,1.000]
[0.000,0.000,0.000,0.000,0.050,0.150,0.225,0.250,0.325,0.350,0.425,0.450,0.525,0.550,0.625,0.650,0.725,0.775,0.825,0.850,0.950,1.000,1.000,1.000,1.000]
[0.000,0.000,0.000,0.000,0.050,0.150,0.250,0.325,0.350,0.425,0.450,0.525,0.550,0.625,0.650,0.725,0.775,0.825,0.850,0.950,1.000,1.000,1.000,1.000]
[0.000,0.000,0.000,0.000,0.050,0.150,0.250,0.350,0.450,0.525,0.550,0.625,0.650,0.725,0.775,0.825,0.850,0.950,1.000,1.000,1.000,1.000]
[0.000,0.000,0.000,0.000,0.050,0.150,0.250,0.350,0.425,0.450,0.525,0.550,0.625,0.650,0.725,0.775,0.825,0.850,0.950,1.000,1.000,1.000,1.000]
[0.000,0.000,0.000,0.000,0.050,0.150,0.250,0.350,0.425,0.450,0.525,0.550,0.625,0.650,0.725,0.775,0.825,0.850,0.950,1.000,1.000,1.000,1.000]
[0.000,0.000,0.000,0.000,0.050,0.150,0.250,0.350,0.425,0.450,0.525,0.550,0.625,0.650,0.725,0.775,0.825,0.850,0.950,1.000,1.000,1.000,1.000]
[0.000,0.000,0.000,0.000,0.050,0.150,0.250,0.350,0.425,0.450,0.525,0.550,0.625,0.650,0.725,0.775,0.825,0.850,0.950,1.000,1.000,1.000,1.000]
[0.000,0.000,0.000,0.000,0.050,0.150,0.250,0.350,0.425,0.450,0.525,0.550,0.625,0.650,0.725,0.775,0.825,0.850,0.950,1.000,1.000,1.000,1.000]
[0.000,0.000,0.000,0.000,0.050,0.150,0.250,0.350,0.425,0.450,0.525,0.550,0.625,0.650,0.725,0.775,0.825,0.850,0.950,1.000,1.000,1.000,1.000]
[0.000,0.000,0.000,0.000,0.050,0.150,0.250,0.350,0.450,0.525,0.550,0.625,0.650,0.725,0.775,0.825,0.850,0.950,1.000,1.000,1.000,1.000]
[0.000,0.000,0.000,0.000,0.050,0.150,0.250,0.350,0.450,0.525,0.550,0.625,0.650,0.725,0.775,0.825,0.850,0.950,1.000,1.000,1.000,1.000]
[0.000,0.000,0.000,0.000,0.050,0.150,0.250,0.350,0.450,0.550,0.625,0.650,0.775,0.825,0.850,0.950,1.000,1.000,1.000,1.000]
[0.000,0.000,0.000,0.000,0.050,0.150,0.250,0.350,0.450,0.550,0.625,0.650,0.725,0.775,0.825,0.850,0.950,1.000,1.000,1.000,1.000]
[0.000,0.000,0.000,0.000,0.050,0.150,0.250,0.350,0.450,0.525,0.550,0.625,0.650,0.725,0.775,0.825,0.850,0.950,1.000,1.000,1.000,1.000]
[0.000,0.000,0.000,0.000,0.050,0.150,0.250,0.350,0.450,0.550,0.625,0.650,0.775,0.825,0.850,0.950,1.000,1.000,1.000,1.000]
[0.000,0.000,0.000,0.000,0.050,0.150,0.250,0.350,0.450,0.550,0.650,0.775,0.825,0.850,0.950,1.000,1.000,1.000,1.000]
[0.000,0.000,0.000,0.000,0.050,0.150,0.250,0.350,0.450,0.550,0.650,0.775,0.825,0.850,0.950,1.000,1.000,1.000,1.000]
[0.000,0.000,0.000,1.000,1.000,1.000]
------------------------------
V:
[0.000,0.000,0.000,0.000,0.195,0.363,0.489,0.571,0.761,0.946,1.000,1.000,1.000,1.000]
[0.000,0.000,0.000,0.000,0.053,0.158,0.237,0.263,0.342,0.368,0.447,0.474,0.553,0.579,0.658,0.684,0.763,0.789,0.868,0.947,1.000,1.000,1.000,1.000]
[0.000,0.000,0.000,0.000,0.053,0.158,0.237,0.263,0.342,0.368,0.447,0.474,0.553,0.579,0.658,0.684,0.763,0.789,0.868,0.947,1.000,1.000,1.000,1.000]
[0.000,0.000,0.000,0.000,0.053,0.158,0.237,0.263,0.342,0.368,0.447,0.474,0.553,0.579,0.658,0.684,0.763,0.789,0.868,0.947,1.000,1.000,1.000,1.000]
[0.000,0.000,0.000,0.000,0.053,0.158,0.237,0.263,0.342,0.368,0.447,0.474,0.553,0.579,0.658,0.684,0.763,0.789,0.868,0.947,1.000,1.000,1.000,1.000]
[0.000,0.000,0.000,0.000,0.053,0.158,0.237,0.263,0.342,0.368,0.447,0.474,0.553,0.579,0.658,0.684,0.763,0.789,0.868,0.947,1.000,1.000,1.000,1.000]
[0.000,0.000,0.000,0.000,0.053,0.158,0.237,0.263,0.342,0.368,0.474,0.553,0.579,0.658,0.684,0.763,0.789,0.868,0.947,1.000,1.000,1.000,1.000]
[0.000,0.000,0.000,0.000,0.053,0.158,0.237,0.263,0.342,0.368,0.447,0.474,0.553,0.579,0.658,0.684,0.763,0.789,0.868,0.947,1.000,1.000,1.000,1.000]
[0.000,0.000,0.000,0.000,0.053,0.158,0.237,0.263,0.342,0.368,0.447,0.474,0.553,0.579,0.658,0.684,0.763,0.789,0.868,0.947,1.000,1.000,1.000,1.000]
[0.000,0.000,0.000,0.000,0.053,0.158,0.237,0.263,0.342,0.368,0.374,0.474,0.553,0.579,0.658,0.684,0.763,0.789,0.868,0.947,1.000,1.000,1.000,1.000]
[0.000,0.000,0.000,0.000,0.053,0.158,0.237,0.263,0.342,0.368,0.447,0.474,0.553,0.579,0.658,0.684,0.763,0.789,0.868,0.947,1.000,1.000,1.000,1.000]
[0.000,0.000,0.000,0.000,0.053,0.158,0.237,0.263,0.342,0.368,0.447,0.474,0.553,0.579,0.658,0.684,0.763,0.789,0.868,0.947,1.000,1.000,1.000,1.000]
[0.000,0.000,0.000,0.000,0.053,0.158,0.237,0.263,0.342,0.368,0.447,0.474,0.553,0.579,0.658,0.684,0.763,0.789,0.868,0.947,1.000,1.000,1.000,1.000]
[0.000,0.000,0.000,0.000,0.053,0.158,0.237,0.263,0.342,0.368,0.447,0.474,0.553,0.579,0.658,0.684,0.763,0.789,0.868,0.947,1.000,1.000,1.000,1.000]
[0.000,0.000,0.000,0.000,0.053,0.158,0.237,0.263,0.342,0.368,0.447,0.474,0.553,0.579,0.658,0.684,0.763,0.789,0.868,0.947,1.000,1.000,1.000,1.000]
[0.000,0.000,0.000,0.000,0.053,0.158,0.237,0.263,0.342,0.368,0.447,0.474,0.553,0.579,0.658,0.684,0.763,0.789,0.868,0.947,1.000,1.000,1.000,1.000]
[0.000,0.000,0.000,0.000,0.053,0.158,0.237,0.263,0.342,0.368,0.447,0.474,0.553,0.579,0.658,0.684,0.763,0.789,0.868,0.947,1.000,1.000,1.000,1.000]
[0.000,0.000,0.000,0.000,0.053,0.158,0.237,0.263,0.342,0.368,0.447,0.474,0.553,0.579,0.658,0.684,0.763,0.789,0.868,0.947,1.000,1.000,1.000,1.000]
[0.000,0.000,0.000,0.000,0.053,0.158,0.237,0.263,0.342,0.368,0.447,0.474,0.553,0.579,0.658,0.684,0.763,0.789,0.868,0.947,1.000,1.000,1.000,1.000]
[0.000,0.000,0.000,0.000,0.053,0.158,0.237,0.263,0.342,0.368,0.447,0.474,0.553,0.579,0.658,0.684,0.763,0.789,0.868,0.947,1.000,1.000,1.000,1.000]
[0.000,0.000,0.000,0.000,0.212,0.279,0.518,0.758,1.000,1.000,1.000,1.000]
